2.40E-04
5.96E-05
2.62E-05
1.47E-05
9.35E-06
6.48E-06
4.75E-06
3.64E-06
2.87E-06
2.32E-06
1.92E-06
1.61E-06
1.37E-06
1.18E-06
1.03E-06
9.06E-07
8.03E-07
7.16E-07
6.42E-07
5.80E-07
5.26E-07
4.79E-07
4.38E-07
4.02E-07
3.71E-07
3.43E-07
3.18E-07
2.96E-07
2.76E-07
2.58E-07
2.41E-07
2.26E-07
2.13E-07
2.00E-07
1.89E-07
1.79E-07
1.69E-07
1.60E-07
1.52E-07
1.45E-07
1.38E-07
1.31E-07
1.25E-07
1.20E-07
1.14E-07
1.09E-07
1.05E-07
1.01E-07
9.65E-08
9.27E-08
8.91E-08
8.57E-08
8.25E-08
7.95E-08
7.66E-08
7.39E-08
7.13E-08
6.89E-08
6.66E-08
6.44E-08
6.23E-08
6.03E-08
5.84E-08
5.66E-08
5.48E-08
5.32E-08
5.16E-08
5.01E-08
4.87E-08
4.73E-08
4.60E-08
4.47E-08
4.35E-08
4.23E-08
4.12E-08
4.01E-08
3.91E-08
3.81E-08
3.71E-08
3.62E-08
3.53E-08
3.45E-08
3.36E-08
3.28E-08
3.21E-08
3.13E-08
3.06E-08
2.99E-08
2.92E-08
2.86E-08
2.80E-08
2.74E-08
2.68E-08
2.62E-08
2.57E-08
2.51E-08
2.46E-08
2.41E-08
2.36E-08
2.32E-08
2.27E-08
2.23E-08
2.18E-08
2.14E-08
2.10E-08
2.06E-08
2.02E-08
1.99E-08
1.95E-08
1.91E-08
1.88E-08
1.85E-08
1.81E-08
1.78E-08
1.75E-08
1.72E-08
1.69E-08
1.66E-08
1.64E-08
1.61E-08
1.58E-08
1.56E-08
1.53E-08
1.51E-08
1.48E-08
1.46E-08
1.44E-08
1.41E-08
1.39E-08
1.37E-08
1.35E-08
1.33E-08
1.31E-08
1.29E-08
1.27E-08
1.25E-08
1.23E-08
1.22E-08
1.20E-08
1.18E-08
1.17E-08
1.15E-08
1.13E-08
1.12E-08
1.10E-08
1.09E-08
1.07E-08
1.06E-08
1.04E-08
1.03E-08
