2.28E-04
5.63E-05
2.48E-05
1.39E-05
8.84E-06
6.13E-06
4.50E-06
3.44E-06
2.72E-06
2.20E-06
1.82E-06
1.53E-06
1.30E-06
1.12E-06
9.76E-07
8.58E-07
7.60E-07
6.77E-07
6.08E-07
5.49E-07
4.98E-07
4.53E-07
4.15E-07
3.81E-07
3.51E-07
3.25E-07
3.01E-07
2.80E-07
2.61E-07
2.44E-07
2.28E-07
2.14E-07
2.01E-07
1.90E-07
1.79E-07
1.69E-07
1.60E-07
1.52E-07
1.44E-07
1.37E-07
1.30E-07
1.24E-07
1.19E-07
1.13E-07
1.08E-07
1.04E-07
9.93E-08
9.52E-08
9.13E-08
8.77E-08
8.43E-08
8.11E-08
7.81E-08
7.52E-08
7.25E-08
6.99E-08
6.75E-08
6.52E-08
6.30E-08
6.09E-08
5.89E-08
5.71E-08
5.53E-08
5.35E-08
5.19E-08
5.03E-08
4.89E-08
4.74E-08
4.61E-08
4.48E-08
4.35E-08
4.23E-08
4.12E-08
4.00E-08
3.90E-08
3.80E-08
3.70E-08
3.60E-08
3.51E-08
3.43E-08
3.34E-08
3.26E-08
3.18E-08
3.11E-08
3.04E-08
2.97E-08
2.90E-08
2.83E-08
2.77E-08
2.71E-08
2.65E-08
2.59E-08
2.54E-08
2.48E-08
2.43E-08
2.38E-08
2.33E-08
2.28E-08
2.24E-08
2.19E-08
2.15E-08
2.11E-08
2.07E-08
2.03E-08
1.99E-08
1.95E-08
1.92E-08
1.88E-08
1.85E-08
1.81E-08
1.78E-08
1.75E-08
1.72E-08
1.69E-08
1.66E-08
1.63E-08
1.60E-08
1.57E-08
1.55E-08
1.52E-08
1.50E-08
1.47E-08
1.45E-08
1.43E-08
1.40E-08
1.38E-08
1.36E-08
1.34E-08
1.32E-08
1.30E-08
1.28E-08
1.26E-08
1.24E-08
1.22E-08
1.20E-08
1.19E-08
1.17E-08
1.15E-08
1.13E-08
1.12E-08
1.10E-08
1.09E-08
1.07E-08
1.06E-08
1.04E-08
1.03E-08
1.01E-08
1.00E-08
9.88E-09
9.75E-09

