3.22E-04
7.94E-05
3.50E-05
1.94E-05
1.25E-05
8.68E-06
6.37E-06
4.87E-06
3.85E-06
3.11E-06
2.57E-06
2.16E-06
1.84E-06
1.59E-06
1.38E-06
1.21E-06
1.08E-06
9.59E-07
8.61E-07
7.77E-07
7.04E-07
6.42E-07
5.87E-07
5.39E-07
4.97E-07
4.59E-07
4.26E-07
3.96E-07
3.69E-07
3.45E-07
3.23E-07
3.03E-07
2.85E-07
2.69E-07
2.53E-07
2.40E-07
2.27E-07
2.15E-07
2.04E-07
1.94E-07
1.85E-07
1.76E-07
1.68E-07
1.60E-07
1.53E-07
1.47E-07
1.41E-07
1.35E-07
1.29E-07
1.24E-07
1.19E-07
1.15E-07
1.10E-07
1.06E-07
1.03E-07
9.90E-08
9.55E-08
9.23E-08
8.92E-08
8.62E-08
8.34E-08
8.07E-08
7.82E-08
7.58E-08
7.35E-08
7.12E-08
6.91E-08
6.71E-08
6.52E-08
6.33E-08
6.16E-08
5.99E-08
5.82E-08
5.67E-08
5.52E-08
5.37E-08
5.23E-08
5.10E-08
4.97E-08
4.85E-08
4.73E-08
4.62E-08
4.50E-08
4.40E-08
4.29E-08
4.20E-08
4.10E-08
4.01E-08
3.92E-08
3.83E-08
3.75E-08
3.67E-08
3.59E-08
3.51E-08
3.44E-08
3.37E-08
3.30E-08
3.23E-08
3.17E-08
3.10E-08
3.04E-08
2.98E-08
2.92E-08
2.87E-08
2.81E-08
2.76E-08
2.71E-08
2.66E-08
2.61E-08
2.56E-08
2.52E-08
2.47E-08
2.43E-08
2.39E-08
2.35E-08
2.31E-08
2.27E-08
2.23E-08
2.19E-08
2.15E-08
2.12E-08
2.08E-08
2.05E-08
2.02E-08
1.99E-08
1.95E-08
1.92E-08
1.89E-08
1.86E-08
1.84E-08
1.81E-08
1.78E-08
1.75E-08
1.73E-08
1.70E-08
1.68E-08
1.65E-08
1.63E-08
1.61E-08
1.58E-08
1.56E-08
1.54E-08
1.52E-08
1.50E-08
1.48E-08
1.46E-08
1.44E-08
1.42E-08
1.40E-08
1.38E-08
