2.35E-04
5.82E-05
2.56E-05
1.43E-05
9.14E-06
6.33E-06
4.65E-06
3.56E-06
2.81E-06
2.27E-06
1.88E-06
1.58E-06
1.34E-06
1.16E-06
1.01E-06
8.86E-07
7.85E-07
7.00E-07
6.28E-07
5.67E-07
5.14E-07
4.68E-07
4.29E-07
3.94E-07
3.63E-07
3.35E-07
3.11E-07
2.89E-07
2.70E-07
2.52E-07
2.36E-07
2.21E-07
2.08E-07
1.96E-07
1.85E-07
1.75E-07
1.66E-07
1.57E-07
1.49E-07
1.42E-07
1.35E-07
1.28E-07
1.23E-07
1.17E-07
1.12E-07
1.07E-07
1.03E-07
9.84E-08
9.44E-08
9.06E-08
8.71E-08
8.38E-08
8.07E-08
7.77E-08
7.49E-08
7.23E-08
6.97E-08
6.74E-08
6.51E-08
6.29E-08
6.09E-08
5.89E-08
5.71E-08
5.53E-08
5.36E-08
5.20E-08
5.05E-08
4.90E-08
4.76E-08
4.62E-08
4.49E-08
4.37E-08
4.25E-08
4.14E-08
4.03E-08
3.92E-08
3.82E-08
3.72E-08
3.63E-08
3.54E-08
3.45E-08
3.37E-08
3.29E-08
3.21E-08
3.14E-08
3.06E-08
2.99E-08
2.93E-08
2.86E-08
2.80E-08
2.74E-08
2.68E-08
2.62E-08
2.56E-08
2.51E-08
2.46E-08
2.41E-08
2.36E-08
2.31E-08
2.27E-08
2.22E-08
2.18E-08
2.14E-08
2.09E-08
2.06E-08
2.02E-08
1.98E-08
1.94E-08
1.91E-08
1.87E-08
1.84E-08
1.81E-08
1.77E-08
1.74E-08
1.71E-08
1.68E-08
1.66E-08
1.63E-08
1.60E-08
1.57E-08
1.55E-08
1.52E-08
1.50E-08
1.47E-08
1.45E-08
1.43E-08
1.40E-08
1.38E-08
1.36E-08
1.34E-08
1.32E-08
1.30E-08
1.28E-08
1.26E-08
1.24E-08
1.22E-08
1.21E-08
1.19E-08
1.17E-08
1.16E-08
1.14E-08
1.12E-08
1.11E-08
1.09E-08
1.08E-08
1.06E-08
1.05E-08
1.03E-08
1.02E-08
1.01E-08
